50
0.000346
0.000336
0.000340
0.000362
0.000323
0.000309
0.000239
0.000246
0.000239
0.000238
0.000237
0.000249
0.000226
0.000263
0.000220

100
0.001356
0.000961
0.001013
0.000971
0.001040
0.000995
0.001023
0.000906
0.000908
0.000917
0.000906
0.000905
0.000855
0.000919
0.000945

150
0.002825
0.002849
0.002732
0.002636
0.002631
0.002799
0.002547
0.002628
0.002594
0.002629
0.002540
0.002534
0.002487
0.002385
0.002449

200
0.005342
0.005365
0.005209
0.004994
0.005370
0.005295
0.005212
0.005278
0.005136
0.005212
0.005266
0.005158
0.005140
0.005209
0.004894

250
0.010185
0.009997
0.010029
0.009976
0.009313
0.009280
0.010152
0.009991
0.009182
0.009685
0.009778
0.009741
0.009362
0.009153
0.009140

300
0.017326
0.017274
0.017254
0.017356
0.016977
0.015503
0.015667
0.016627
0.016131
0.016122
0.016558
0.016608
0.016137
0.017248
0.016688

350
0.025629
0.024685
0.024972
0.024432
0.026210
0.025561
0.024935
0.024434
0.027225
0.025318
0.027007
0.024407
0.025121
0.024761
0.024682

400
0.036271
0.038431
0.037513
0.036968
0.037125
0.037253
0.038406
0.037759
0.036422
0.038898
0.038050
0.036479
0.036436
0.037985
0.037928

450
0.052434
0.052678
0.053064
0.055060
0.052090
0.053744
0.052566
0.053627
0.052381
0.052277
0.052310
0.056746
0.052953
0.056239
0.053064

500
0.072829
0.076748
0.072948
0.072228
0.074018
0.072509
0.071449
0.072124
0.073423
0.073331
0.070475
0.072430
0.070657
0.071638
0.073071

500
0.074911
0.071056
0.071355
0.073691
0.069920
0.074754
0.070477
0.075094
0.070143
0.072151
0.070105
0.071827
0.071747
0.072430
0.070595

1000
0.563963
0.557020
0.557660
0.573105
0.573586
0.558502
0.574481
0.560701
0.569950
0.563461
0.554657
0.557570
0.555643
0.556830
0.555868

1500
1.867235
1.888042
1.867276
1.872655
1.871337
1.865328
1.869052
1.874314
1.870371
1.868888
1.868534
1.875740
1.876674
1.885647
1.886741

2000
4.416585
4.422445
4.389626
4.397467
4.402093
4.423322
4.485831
4.455761
4.427089
4.421374
4.399881
4.433548
4.399741
4.392928
4.391983

2500
8.692875
9.654604
9.037295
8.589665
9.059392
9.492093
9.509249
9.158434
9.550347
8.792891
8.687064
8.752615
8.733045
8.718617
8.559977

3000
14.763438
14.794215
14.894730
14.806604
14.888797
14.859639
14.760411
14.788563
14.793511
14.822390
14.896010
14.817202
14.788805
14.882369
14.858252

3500
23.444672
23.609442
23.428312
23.534778
23.547500
23.507350
23.543629
23.660044
23.464916
23.478421
23.468374
23.445320
23.580867
23.453627
23.490602

4000
34.961556
35.006960
35.285682
35.017561
35.308368
34.961157
35.006663
34.998280
35.032017
35.073015
35.007442
34.973681
35.090358
35.055751
35.089911

4500
50.067468
49.802958
49.875475
49.774273
49.773709
49.944690
49.770322
49.761873
49.951361
49.959339
49.790807
49.778408
49.818772
50.143606
50.808747

5000
69.550904
69.531328
69.551304
69.482992
69.326162
68.401927
68.500751
68.300802
68.322226
68.660539
68.481766
68.381364
68.831256
69.230024
68.479433

5500
91.333098
91.580474
91.205534
91.276249
90.982479
91.054419
91.034038
92.726641
92.765809
92.024041
92.385005
92.328027
92.293839
92.313101
92.337788

6000
120.176657
120.341377
120.584829
119.665825
118.436828
118.094172
117.936618
117.829352
118.416240
119.019515
117.836275
117.798437
117.832066
117.877096
118.223884

6500
149.740438
149.860650
150.162679
151.936799
150.880533
150.060721
150.463414
150.378441
152.830768
151.833741
152.669583
153.539061
153.177252
152.380387
152.495537

7000
191.474463
191.027595
189.899682
187.444560
187.065351
187.270523
187.107688
187.928087
187.026472
188.280904
187.074507
187.069334
189.102678
190.964232
191.529962

7500
234.243919
234.206240
234.540434
234.609780
233.878467
235.104776
233.532259
232.349110
230.096907
230.568132
230.039975
230.619742
232.878248
233.926696
229.886562

8000
