50
0.000135
0.000151
0.000112
0.000115
0.000129
0.000114
0.000110
0.000112
0.000109
0.000129
0.000116
0.000116
0.000115
0.000114
0.000115

100
0.000702
0.000676
0.000677
0.000712
0.000777
0.000678
0.000691
0.000677
0.000708
0.000678
0.000678
0.000682
0.000675
0.000686
0.000678

150
0.002371
0.002242
0.002229
0.002218
0.002216
0.002202
0.002246
0.002237
0.002211
0.002360
0.002257
0.002217
0.002210
0.002275
0.002349

200
0.005168
0.005330
0.005138
0.005320
0.005311
0.005339
0.005205
0.005038
0.005155
0.005293
0.005087
0.005351
0.005248
0.005041
0.005234

250
0.009648
0.010003
0.009425
0.009629
0.010003
0.009739
0.009582
0.009585
0.010133
0.010061
0.009783
0.009371
0.009099
0.009916
0.010102

300
0.015550
0.015480
0.015968
0.016285
0.015586
0.016844
0.016809
0.017548
0.017596
0.015514
0.016227
0.016319
0.015929
0.015957
0.015950

350
0.024825
0.027700
0.024766
0.025308
0.025294
0.025665
0.024538
0.024441
0.025660
0.024559
0.024848
0.024462
0.024522
0.025494
0.024481

400
0.037024
0.037415
0.036595
0.036243
0.037641
0.036937
0.037325
0.037314
0.036655
0.036515
0.037391
0.036612
0.039348
0.037190
0.036843

450
0.052982
0.056513
0.053683
0.052680
0.054560
0.054866
0.057363
0.052055
0.054828
0.052097
0.056012
0.055649
0.053280
0.052277
0.051562

500
0.072875
0.077758
0.071977
0.078151
0.071477
0.070831
0.071773
0.070807
0.071470
0.070532
0.072752
0.075252
0.070791
0.076514
0.071203

500
0.071271
0.071673
0.070504
0.073413
0.070698
0.070739
0.070204
0.071577
0.070520
0.073205
0.070078
0.071362
0.074253
0.072337
0.072569

1000
0.556024
0.558463
0.563280
0.554472
0.558307
0.560253
0.565495
0.561333
0.559695
0.559697
0.560130
0.561441
0.562965
0.558456
0.554586

1500
1.882257
1.890746
1.893851
1.879950
1.892646
1.881178
1.882456
1.882195
1.893878
1.908111
1.887814
1.895657
1.892931
1.880827
1.894133

2000
4.455120
4.443841
4.433942
4.435839
4.422483
4.443940
4.446543
4.442780
4.455743
4.425953
4.434162
4.426123
4.464017
4.437586
4.478864

2500
8.635438
8.604289
8.591576
8.602243
8.603202
8.593346
8.592354
8.595593
8.591490
8.595640
8.629526
8.636816
8.621288
8.611477
8.622219

3000
14.854222
14.848783
14.828590
14.811745
14.832542
14.826533
14.851941
14.833781
14.847062
14.824753
14.827662
14.822835
14.823978
14.847856
14.854359

3500
23.530078
23.467350
23.473402
24.150482
23.498188
23.500212
23.487930
23.459618
23.461368
23.465608
23.479041
23.478254
23.466442
23.463663
23.481839

4000
34.977215
35.058765
35.039144
35.036826
35.002803
35.015115
35.005948
35.029945
34.999455
34.999382
34.988775
34.972806
35.014517
35.045351
35.127457

4500
49.850297
49.855104
49.781939
49.817319
49.793320
49.742885
49.791298
49.761777
49.768427
49.754695
49.836084
49.815012
49.760679
49.757355
49.837733

5000
68.253679
68.210339
68.245101
68.210873
68.224725
68.236324
68.215553
68.449148
68.283133
68.266824
68.300099
68.272033
68.239065
68.236465
68.224815

