50
0.000089
0.000078
0.000108
0.000095
0.000083
0.000072
0.000048
0.000054
0.000051
0.000045
0.000046
0.000052
0.000059
0.000053
0.000047

100
0.000059
0.000062
0.000070
0.000066
0.000071
0.000062
0.000068
0.000057
0.000060
0.000066
0.000063
0.000069
0.000051
0.000060
0.000068

150
0.000084
0.000097
0.000082
0.000092
0.000084
0.000083
0.000083
0.000080
0.000096
0.000078
0.000076
0.000075
0.000080
0.000076
0.000079

200
0.000114
0.000128
0.000114
0.000111
0.000113
0.000130
0.000138
0.000114
0.000119
0.000122
0.000115
0.000123
0.000118
0.000129
0.000121

250
0.000155
0.000160
0.000159
0.000159
0.000153
0.000154
0.000157
0.000228
0.000160
0.000183
0.000186
0.000169
0.000167
0.000172
0.000178

300
0.000225
0.000211
0.000220
0.000231
0.000238
0.000216
0.000249
0.000229
0.000246
0.000211
0.000211
0.000209
0.000211
0.000211
0.000209

350
0.000273
0.000282
0.000274
0.000273
0.000271
0.000275
0.000274
0.000272
0.000286
0.000289
0.000323
0.000315
0.000276
0.000288
0.000314

400
0.000341
0.000345
0.000366
0.000342
0.000341
0.000345
0.000347
0.000343
0.000364
0.000345
0.000346
0.000368
0.000348
0.000345
0.000370

450
0.000424
0.000425
0.000439
0.000426
0.000425
0.000424
0.000428
0.000427
0.000449
0.000426
0.000460
0.000429
0.000440
0.000428
0.000423

500
0.000519
0.000518
0.000540
0.000517
0.000533
0.000538
0.000516
0.000517
0.000522
0.000585
0.000543
0.000598
0.000524
0.000532
0.000518

500
0.000538
0.000519
0.000515
0.000588
0.000519
0.000574
0.000521
0.000540
0.000519
0.000547
0.000515
0.000534
0.000519
0.000518
0.000541

1000
0.001954
0.001991
0.001981
0.002037
0.002237
0.001992
0.001973
0.002258
0.002146
0.001997
0.001984
0.001992
0.001989
0.002117
0.002044

1500
0.004759
0.004395
0.004758
0.004802
0.004679
0.004744
0.004836
0.004368
0.004374
0.004371
0.004377
0.004378
0.004669
0.004383
0.004383

2000
0.007729
0.007706
0.008248
0.007760
0.007880
0.007427
0.007727
0.007817
0.008035
0.008163
0.007381
0.007431
0.007464
0.008199
0.008370

2500
0.012772
0.012044
0.012032
0.011437
0.011251
0.011422
0.011229
0.011377
0.012331
0.012147
0.011414
0.011608
0.012475
0.012330
0.011468

3000
0.016636
0.016969
0.015818
0.016437
0.016401
0.016255
0.017285
0.017614
0.016084
0.015867
0.015902
0.016298
0.016630
0.016424
0.017504

3500
0.022066
0.021543
0.021964
0.023460
0.021469
0.021532
0.021506
0.021633
0.022964
0.021858
0.023334
0.021408
0.021418
0.023335
0.022387

4000
0.029006
0.031250
0.028416
0.029102
0.028060
0.028415
0.031054
0.028042
0.027943
0.027873
0.029392
0.028875
0.029858
0.030562
0.028778

4500
0.036200
0.035664
0.036753
0.036149
0.036743
0.035763
0.036435
0.035137
0.035715
0.037390
0.035134
0.039914
0.034981
0.037961
0.035874

5000
0.044970
0.043325
0.045399
0.043051
0.043854
0.045825
0.043517
0.046482
0.044346
0.046720
0.045242
0.043876
0.044925
0.043188
0.044310

5500
0.054999
0.052999
0.055874
0.054352
0.053611
0.052821
0.053354
0.053702
0.052789
0.053984
0.052797
0.052942
0.053936
0.053029
0.054347

6000
0.063896
0.064629
0.063918
0.062843
0.064462
0.061851
0.063824
0.062965
0.063097
0.064174
0.064901
0.064461
0.062654
0.064587
0.062940

6500
0.075104
0.075418
0.073361
0.073875
0.074822
0.075020
0.073724
0.075571
0.076036
0.075051
0.075086
0.074149
0.073679
0.073522
0.073469

7000
0.087142
0.086759
0.085565
0.084989
0.084654
0.088433
0.085855
0.090764
0.085349
0.085468
0.084896
0.087197
0.086485
0.085509
0.086868

7500
0.096784
0.099009
0.097669
0.097068
0.099021
0.099352
0.098011
0.098242
0.098552
0.096849
0.096987
0.098691
0.101794
0.098053
0.098761

8000
0.118054
0.112640
0.112185
0.112627
0.118218
0.111624
0.111149
0.113022
0.111770
0.111224
0.114815
0.111578
0.113151
0.111708
0.113875

8500
0.124944
0.127883
0.125199
0.125783
0.129583
0.126389
0.125673
0.127264
0.125983
0.127846
0.127028
0.125010
0.123839
0.128308
0.128046

9000
0.140223
0.140495
0.142198
0.138491
0.143101
0.142582
0.141072
0.144928
0.141609
0.141275
0.145059
0.140171
0.140280
0.144704
0.142536

9500
0.160223
0.157930
0.159508
0.156835
0.160644
0.158595
0.159152
0.159266
0.158439
0.156603
0.157253
0.156638
0.162757
0.156161
0.158257

10000
0.174712
0.173301
0.172719
0.176414
0.174243
0.176214
0.174358
0.173008
0.176925
0.173773
0.178459
0.174349
0.175565
0.171281
0.176453

50000
4.356437
4.251703
4.242506
4.282011
4.323636
4.246133
4.253999
4.251270
4.360551
4.280404
4.293943
4.296219
4.323327
4.307783
4.291672

100000
16.997580
16.954114
17.133165
17.146910
18.662392
17.342765
17.386151
17.461251
17.209960
17.071979
16.937535
16.958322
17.007005
16.986205
17.065633

