50
0.000004
0.000003
0.000003
0.000003
0.000003
0.000003
0.000003
0.000002
0.000003
0.000004
0.000002
0.000003
0.000002
0.000003
0.000003

100
0.000003
0.000002
0.000003
0.000002
0.000003
0.000003
0.000003
0.000003
0.000003
0.000002
0.000003
0.000003
0.000003
0.000003
0.000003

150
0.000003
0.000003
0.000003
0.000003
0.000003
0.000003
0.000003
0.000003
0.000003
0.000002
0.000003
0.000003
0.000003
0.000004
0.000003

200
0.000004
0.000005
0.000005
0.000003
0.000004
0.000003
0.000003
0.000003
0.000003
0.000004
0.000003
0.000004
0.000003
0.000004
0.000003

250
0.000005
0.000005
0.000004
0.000004
0.000004
0.000004
0.000003
0.000003
0.000003
0.000005
0.000005
0.000003
0.000004
0.000004
0.000004

300
0.000005
0.000006
0.000004
0.000004
0.000004
0.000004
0.000004
0.000004
0.000003
0.000003
0.000004
0.000004
0.000005
0.000005
0.000004

350
0.000004
0.000005
0.000005
0.000004
0.000005
0.000004
0.000005
0.000005
0.000004
0.000005
0.000004
0.000005
0.000004
0.000006
0.000004

400
0.000005
0.000005
0.000005
0.000006
0.000006
0.000006
0.000005
0.000005
0.000005
0.000004
0.000006
0.000005
0.000004
0.000006
0.000004

450
0.000005
0.000004
0.000004
0.000004
0.000005
0.000004
0.000005
0.000004
0.000004
0.000007
0.000006
0.000007
0.000006
0.000005
0.000004

500
0.000004
0.000005
0.000005
0.000005
0.000005
0.000005
0.000005
0.000005
0.000005
0.000005
0.000005
0.000005
0.000005
0.000005
0.000005

500
0.000005
0.000005
0.000005
0.000005
0.000004
0.000004
0.000005
0.000004
0.000004
0.000005
0.000005
0.000005
0.000005
0.000006
0.000005

1000
0.000008
0.000009
0.000009
0.000008
0.000009
0.000009
0.000008
0.000009
0.000009
0.000009
0.000009
0.000009
0.000008
0.000009
0.000009

1500
0.000012
0.000012
0.000012
0.000013
0.000013
0.000012
0.000013
0.000012
0.000013
0.000012
0.000013
0.000013
0.000013
0.000012
0.000012

2000
0.000016
0.000017
0.000017
0.000016
0.000017
0.000016
0.000017
0.000017
0.000017
0.000016
0.000016
0.000016
0.000016
0.000016
0.000016

2500
0.000021
0.000021
0.000021
0.000021
0.000021
0.000021
0.000021
0.000021
0.000022
0.000022
0.000024
0.000021
0.000021
0.000021
0.000021

3000
0.000025
0.000025
0.000025
0.000025
0.000025
0.000025
0.000025
0.000025
0.000025
0.000025
0.000025
0.000025
0.000025
0.000025
0.000025

3500
0.000029
0.000030
0.000030
0.000029
0.000030
0.000030
0.000030
0.000030
0.000030
0.000029
0.000030
0.000030
0.000030
0.000029
0.000030

4000
0.000033
0.000033
0.000034
0.000034
0.000034
0.000033
0.000033
0.000033
0.000033
0.000033
0.000033
0.000034
0.000034
0.000033
0.000034

4500
0.000038
0.000038
0.000038
0.000038
0.000038
0.000038
0.000039
0.000038
0.000038
0.000038
0.000038
0.000038
0.000038
0.000039
0.000038

5000
0.000042
0.000042
0.000042
0.000042
0.000042
0.000042
0.000042
0.000042
0.000042
0.000043
0.000043
0.000042
0.000042
0.000042
0.000043

5500
0.000047
0.000047
0.000046
0.000047
0.000046
0.000046
0.000047
0.000046
0.000047
0.000047
0.000047
0.000047
0.000047
0.000046
0.000046

6000
0.000050
0.000050
0.000050
0.000050
0.000050
0.000050
0.000051
0.000050
0.000051
0.000051
0.000051
0.000051
0.000050
0.000051
0.000051

6500
0.000056
0.000055
0.000055
0.000054
0.000055
0.000055
0.000055
0.000055
0.000055
0.000055
0.000055
0.000055
0.000055
0.000055
0.000055

7000
0.000059
0.000059
0.000064
0.000060
0.000077
0.000059
0.000059
0.000059
0.000059
0.000059
0.000059
0.000059
0.000060
0.000059
0.000088

7500
0.000085
0.000064
0.000064
0.000063
0.000063
0.000080
0.000063
0.000064
0.000063
0.000063
0.000064
0.000063
0.000064
0.000064
0.000081

8000
0.000068
0.000068
0.000068
0.000068
0.000068
0.000067
0.000067
0.000067
0.000068
0.000074
0.000090
0.000090
0.000068
0.000067
0.000067

8500
0.000095
0.000095
0.000083
0.000087
0.000092
0.000072
0.000072
0.000072
0.000081
0.000076
0.000076
0.000076
0.000092
0.000072
0.000072

9000
0.000076
0.000094
0.000076
0.000076
0.000076
0.000076
0.000076
0.000078
0.000076
0.000076
0.000098
0.000076
0.000095
0.000076
0.000076

9500
0.000081
0.000080
0.000081
0.000081
0.000081
0.000081
0.000080
0.000081
0.000080
0.000080
0.000084
0.000081
0.000081
0.000081
0.000081

10000
0.000085
0.000103
0.000089
0.000090
0.000089
0.000084
0.000098
0.000086
0.000100
0.000086
0.000091
0.000093
0.000093
0.000087
0.000096

50000
0.000423
0.000429
0.000526
0.000557
0.000559
0.000577
0.000521
0.000423
0.000423
0.000423
0.000423
0.000465
0.000473
0.000451
0.000423

100000
0.000847
0.000846
0.000847
0.000941
0.001009
0.001105
0.000848
0.001048
0.001020
0.001068
0.001046
0.001022
0.000974
0.001001
0.001094

150000
0.001377
0.001632
0.001544
0.001583
0.001583
0.001456
0.001611
0.001339
0.001601
0.001419
0.001505
0.001563
0.001620
0.001315
0.001400

200000
0.001961
0.001938
0.002047
0.001837
0.002069
0.001803
0.001816
0.002071
0.002065
0.001964
0.001845
0.002078
0.001946
0.002148
0.002009

250000
0.002560
0.002449
0.002216
0.002118
0.002118
0.002130
0.002119
0.002536
0.002154
0.002587
0.002159
0.002160
0.002148
0.002747
0.002555

300000
0.002601
0.002656
0.002674
0.002582
0.002624
0.002596
0.002632
0.002588
0.002986
0.003277
0.002564
0.002601
0.003131
0.002607
0.002599

350000
0.003061
0.003008
0.002992
0.002989
0.002995
0.003650
0.003676
0.002987
0.002992
0.002989
0.003068
0.002978
0.003023
0.003398
0.003826

400000
0.003423
0.004047
0.004227
0.004049
0.004076
0.003436
0.003477
0.003426
0.003426
0.003425
0.003428
0.003421
0.003428
0.003426
0.003438

450000
0.003867
0.004596
0.004475
0.003856
0.003855
0.004462
0.004449
0.004135
0.004182
0.003853
0.003864
0.003851
0.004481
0.003835
0.004312

500000
0.004274
0.004273
0.004286
0.004277
0.004287
0.004853
0.004282
0.004667
0.004272
0.004302
0.004319
0.004530
0.004891
0.004262
0.004392

550000
0.004826
0.004712
0.004744
0.004774
0.005325
0.004699
0.004747
0.004717
0.004700
0.004758
0.004740
0.004695
0.004709
0.005068
0.004702

600000
0.005665
0.005222
0.005146
0.005138
0.004902
0.005147
0.005576
0.005119
0.005922
0.005474
0.005661
0.005709
0.006042
0.005477
0.005119

650000
0.006046
0.005564
0.005975
0.005617
0.005852
0.005335
0.005985
0.005364
0.005610
0.005538
0.005342
0.005622
0.005341
0.005545
0.005571

700000
0.006771
0.005965
0.005741
0.006567
0.005777
0.005937
0.005757
0.006388
0.005960
0.006875
0.006322
0.006660
0.006271
0.006293
0.005757

750000
0.006419
0.006392
0.006020
0.006530
0.006070
0.006420
0.006367
0.006418
0.006873
0.006385
0.006857
0.006173
0.006409
0.006396
0.006203

800000
0.007042
0.006598
0.006870
0.007860
0.006904
0.007583
0.007075
0.006613
0.006831
0.006633
0.006803
0.006617
0.007088
0.006659
0.006492

850000
0.007010
0.007380
0.007177
0.007219
0.007712
0.007035
0.006977
0.007259
0.007188
0.007392
0.007151
0.007112
0.006952
0.007022
0.008013

900000
0.007513
0.007269
0.007533
0.007467
0.007372
0.007371
0.007619
0.007671
0.007243
0.007171
0.007163
0.007165
0.007804
0.007478
0.007214

950000
0.008899
0.008122
0.008271
0.009079
0.009739
0.009585
0.008005
0.008009
0.008444
0.008122
0.007854
0.007895
0.008130
0.007641
0.007879

1000000
0.009135
0.008320
0.008433
0.007989
0.008186
0.008470
0.008154
0.008320
0.008992
0.008245
0.008792
0.008387
0.007948
0.007914
0.008071

