50
0.000108
0.000119
0.000125
0.000097
0.000145
0.000087
0.000092
0.000072
0.000081
0.000074
0.000078
0.000075
0.000078
0.000063
0.000081

100
0.000092
0.000095
0.000089
0.000080
0.000087
0.000102
0.000084
0.000091
0.000099
0.000098
0.000089
0.000093
0.000084
0.000083
0.000095

150
0.000139
0.000136
0.000113
0.000111
0.000116
0.000110
0.000128
0.000123
0.000115
0.000104
0.000108
0.000127
0.000123
0.000114
0.000129

200
0.000164
0.000163
0.000161
0.000168
0.000157
0.000171
0.000165
0.000163
0.000155
0.000155
0.000158
0.000152
0.000152
0.000152
0.000160

250
0.000202
0.000197
0.000204
0.000186
0.000201
0.000192
0.000191
0.000209
0.000193
0.000190
0.000192
0.000192
0.000192
0.000187
0.000189

300
0.000251
0.000271
0.000258
0.000267
0.000258
0.000254
0.000262
0.000246
0.000239
0.000258
0.000241
0.000268
0.000261
0.000242
0.000267

350
0.000320
0.000320
0.000326
0.000310
0.000298
0.000300
0.000301
0.000296
0.000295
0.000301
0.000318
0.000311
0.000288
0.000314
0.000306

400
0.000382
0.000364
0.000364
0.000377
0.000380
0.000359
0.000358
0.000397
0.000348
0.000346
0.000374
0.000354
0.000361
0.000367
0.000362

450
0.000451
0.000437
0.000436
0.000437
0.000465
0.000408
0.000413
0.000412
0.000438
0.000411
0.000407
0.000411
0.000407
0.000411
0.000422

500
0.000542
0.000522
0.000524
0.000520
0.000526
0.000513
0.000523
0.000512
0.000518
0.000515
0.000529
0.000514
0.000512
0.000524
0.000526

500
0.000527
0.000527
0.000540
0.000516
0.000498
0.000550
0.000530
0.000473
0.000470
0.000500
0.000479
0.000476
0.000511
0.000501
0.000518

1000
0.001880
0.001895
0.001882
0.001894
0.001913
0.002050
0.001923
0.001894
0.001911
0.001910
0.001897
0.001942
0.001877
0.001894
0.001899

1500
0.004105
0.004307
0.004248
0.004206
0.004081
0.004207
0.004210
0.004195
0.004456
0.004202
0.004077
0.004203
0.004247
0.004389
0.004201

2000
0.007768
0.007453
0.007432
0.007735
0.007747
0.007661
0.007740
0.007685
0.007422
0.007104
0.007424
0.007035
0.007422
0.007530
0.007013

2500
0.011550
0.011546
0.010959
0.011539
0.011548
0.010770
0.010792
0.011671
0.011652
0.011559
0.011649
0.011317
0.011052
0.010849
0.010943

3000
0.015410
0.015464
0.016591
0.015754
0.016291
0.016627
0.016891
0.015460
0.015624
0.015384
0.015237
0.015274
0.015596
0.015675
0.015151

3500
0.022751
0.021655
0.020504
0.020977
0.020848
0.020568
0.021230
0.022821
0.022585
0.020674
0.020519
0.020783
0.020935
0.021180
0.021766

4000
0.027823
0.028187
0.027346
0.027172
0.028238
0.026620
0.027741
0.026842
0.028392
0.027425
0.028157
0.026787
0.026787
0.027324
0.028204

4500
0.035744
0.034384
0.034399
0.033773
0.034231
0.035811
0.034029
0.033686
0.035766
0.033756
0.034803
0.035738
0.034556
0.033660
0.034213

5000
0.042900
0.043220
0.042082
0.042275
0.041926
0.043655
0.041508
0.042927
0.041832
0.041551
0.042191
0.043435
0.041284
0.041454
0.042817

5500
0.053143
0.050592
0.051281
0.051138
0.050648
0.052546
0.050575
0.053518
0.051256
0.051496
0.052660
0.051264
0.050374
0.053220
0.050300

6000
0.061746
0.060601
0.061830
0.061772
0.059992
0.062105
0.060931
0.059837
0.062220
0.059390
0.061012
0.060908
0.060084
0.060438
0.061798

6500
0.070856
0.071674
0.076370
0.070518
0.071163
0.071913
0.077258
0.071814
0.071513
0.072737
0.073861
0.073681
0.071861
0.072488
0.071586

7000
0.083238
0.089988
0.084024
0.081153
0.086399
0.083143
0.081705
0.083101
0.081167
0.082955
0.083985
0.080944
0.082567
0.081616
0.082370

7500
0.099128
0.093996
0.094447
0.093972
0.095125
0.092346
0.094773
0.095605
0.093931
0.093936
0.094555
0.092432
0.094273
0.094027
0.094907

8000
0.109164
0.107304
0.110610
0.106467
0.107773
0.109091
0.111354
0.108814
0.109154
0.108046
0.108614
0.107958
0.107787
0.106519
0.109550

8500
0.121702
0.122231
0.122794
0.120493
0.121919
0.120498
0.120913
0.122184
0.122227
0.120428
0.123349
0.119300
0.120527
0.120659
0.122481

9000
0.137690
0.134885
0.137438
0.137352
0.134869
0.136137
0.137018
0.136245
0.135573
0.136796
0.136931
0.134661
0.135669
0.136776
0.134613

9500
0.152243
0.154066
0.153399
0.150488
0.151756
0.150710
0.151803
0.151319
0.151501
0.151009
0.152391
0.150393
0.150694
0.151948
0.152283

10000
0.167431
0.168127
0.165520
0.166740
0.165989
0.167179
0.165995
0.164398
0.166622
0.167717
0.169195
0.165901
0.167412
0.167013
0.165605

50000
4.090818
4.111965
4.101058
4.105551
4.106270
4.110860
4.111616
4.104015
4.152095
4.106170
4.143071
4.097990
4.154509
4.102472
4.121711

100000
16.372216
16.399048
16.444490
16.423414
16.421985
16.400177
16.523754
16.366875
16.397167
16.802202
17.212394
16.806707
16.508137
16.618538
16.428417

