1.717258
1.969219
2.107417
2.192443
1.875200
1.735947
1.758073
1.777181
1.849138
1.913623
1.733493
1.712060
1.858263
2.257848
2.281922
2.125533
1.875712
1.849164
1.645566
2.043745
2.074685
1.667971
1.798164
1.672422
1.699499
1.821837
1.806431
1.736119
1.799071
2.058756
2.030303
1.779375
1.734237
1.617871
1.556155
1.640939
1.721912
1.852937
1.656810
1.598771
1.662725
1.632870
1.599082
1.726119
1.652702
1.636652
1.780718
1.638227
1.877797
2.065092
1.917170
1.899807
1.861451
1.873122
1.905859
1.832541
1.806778
1.868467
1.776752
1.795361
1.896921
1.819374
1.790160
1.768108
1.794639
1.773159
1.938635
1.798322
1.867888
1.835344
1.724770
1.944018
1.750468
1.679673
1.762102
1.818071
1.790765
1.704650
1.756437
1.824104
1.711976
1.826661
1.740061
1.702203
1.820407
1.808415
1.862024
1.851087
1.922273
1.858732
1.841527
1.826310
1.722664
1.911081
1.796745
1.801623
1.959046
1.889893
1.836877
1.794341

-----
Aleatorio
-----
0.037396
0.030720
0.022527
0.023340
0.019426
0.023693
0.019431
0.017262
0.020595
0.018588
0.016396
0.017472
0.017063
0.022725
0.021763
0.024017
0.023208
0.019652
0.018950
0.020581
0.021173
0.024154
0.019648
0.022809
0.022656
0.023051
0.022936
0.023047
0.021302
0.020379
0.019219
0.024619
0.021208
0.017802
0.020589
0.016043
0.016516
0.016055
0.017560
0.015911
0.016881
0.016002
0.017455
0.015721
0.018074
0.019847
0.019717
0.019094
0.023304
0.020513
0.021474
0.021630
0.022139
0.019002
0.022435
0.019331
0.015536
0.017041
0.018551
0.015831
0.018712
0.014547
0.017462
0.017854
0.016542
0.015649
0.015673
0.019646
0.016887
0.016487
0.021046
0.015727
0.016822
0.017328
0.018469
0.022596
0.017927
0.019209
0.020012
0.016932
0.015667
0.019839
0.017968
0.019472
0.019486
0.016562
0.019077
0.016317
0.017962
0.017290
0.016591
0.017890
0.018196
0.016032
0.015371
0.017656
0.015837
0.017524
0.019282
0.019674
