50
0.000048
0.000054
0.000048
0.000044
0.000044
0.000056
0.000055
0.000049
0.000051
0.000048
0.000038
0.000038
0.000036
0.000036
0.000036

100
0.000041
0.000036
0.000036
0.000038
0.000033
0.000040
0.000038
0.000039
0.000038
0.000038
0.000037
0.000038
0.000038
0.000039
0.000038

150
0.000041
0.000039
0.000039
0.000047
0.000041
0.000035
0.000048
0.000042
0.000038
0.000041
0.000044
0.000043
0.000042
0.000040
0.000039

200
0.000043
0.000042
0.000041
0.000041
0.000048
0.000045
0.000050
0.000048
0.000038
0.000043
0.000053
0.000039
0.000042
0.000040
0.000039

250
0.000040
0.000040
0.000041
0.000038
0.000040
0.000040
0.000040
0.000036
0.000038
0.000040
0.000040
0.000038
0.000036
0.000036
0.000040

300
0.000036
0.000038
0.000042
0.000041
0.000038
0.000038
0.000041
0.000039
0.000039
0.000041
0.000051
0.000055
0.000042
0.000041
0.000057

350
0.000041
0.000041
0.000040
0.000041
0.000041
0.000038
0.000041
0.000041
0.000041
0.000038
0.000040
0.000039
0.000039
0.000041
0.000038

400
0.000042
0.000039
0.000042
0.000037
0.000041
0.000042
0.000042
0.000042
0.000041
0.000037
0.000038
0.000041
0.000042
0.000044
0.000040

450
0.000043
0.000042
0.000042
0.000042
0.000042
0.000038
0.000043
0.000039
0.000042
0.000038
0.000042
0.000039
0.000043
0.000043
0.000052

500
0.000055
0.000045
0.000042
0.000039
0.000043
0.000044
0.000044
0.000039
0.000044
0.000042
0.000040
0.000041
0.000039
0.000045
0.000042

500
0.000042
0.000045
0.000043
0.000043
0.000043
0.000039
0.000041
0.000042
0.000055
0.000042
0.000039
0.000089
0.000047
0.000043
0.000042

1000
0.000051
0.000045
0.000046
0.000049
0.000048
0.000055
0.000050
0.000046
0.000050
0.000049
0.000050
0.000050
0.000050
0.000047
0.000046

1500
0.000056
0.000079
0.000057
0.000056
0.000056
0.000067
0.000061
0.000055
0.000058
0.000057
0.000057
0.000071
0.000057
0.000061
0.000066

2000
0.000087
0.000088
0.000088
0.000089
0.000072
0.000068
0.000068
0.000085
0.000092
0.000088
0.000089
0.000074
0.000065
0.000081
0.000066

2500
0.000073
0.000073
0.000079
0.000074
0.000069
0.000072
0.000067
0.000072
0.000086
0.000072
0.000072
0.000071
0.000073
0.000099
0.000095

3000
0.000100
0.000081
0.000112
0.000114
0.000108
0.000109
0.000109
0.000115
0.000083
0.000092
0.000081
0.000081
0.000078
0.000081
0.000081

3500
0.000087
0.000088
0.000089
0.000086
0.000084
0.000088
0.000100
0.000087
0.000088
0.000087
0.000084
0.000088
0.000085
0.000084
0.000091

4000
0.000099
0.000096
0.000100
0.000097
0.000130
0.000093
0.000096
0.000093
0.000090
0.000093
0.000094
0.000091
0.000096
0.000093
0.000095

4500
0.000109
0.000106
0.000130
0.000101
0.000107
0.000104
0.000102
0.000107
0.000108
0.000102
0.000104
0.000157
0.000103
0.000099
0.000100

5000
0.000111
0.000110
0.000116
0.000124
0.000115
0.000113
0.000114
0.000115
0.000109
0.000113
0.000113
0.000116
0.000114
0.000114
0.000114

5500
0.000119
0.000123
0.000126
0.000123
0.000130
0.000126
0.000187
0.000123
0.000126
0.000123
0.000123
0.000120
0.000121
0.000119
0.000124

6000
0.000131
0.000131
0.000131
0.000132
0.000135
0.000139
0.000129
0.000131
0.000132
0.000129
0.000132
0.000135
0.000131
0.000132
0.000157

6500
0.000140
0.000222
0.000200
0.000189
0.000188
0.000145
0.000144
0.000141
0.000139
0.000138
0.000143
0.000142
0.000145
0.000138
0.000139

7000
0.000156
0.000152
0.000153
0.000154
0.000151
0.000148
0.000154
0.000156
0.000153
0.000150
0.000150
0.000150
0.000153
0.000163
0.000155

7500
0.000162
0.000166
0.000163
0.000163
0.000159
0.000171
0.000164
0.000162
0.000160
0.000172
0.000166
0.000163
0.000166
0.000165
0.000161

8000
0.000188
0.000168
0.000168
0.000172
0.000169
0.000176
0.000178
0.000173
0.000170
0.000173
0.000171
0.000174
0.000179
0.000174
0.000175

8500
0.000183
0.000184
0.000195
0.000186
0.000178
0.000185
0.000184
0.000184
0.000179
0.000181
0.000184
0.000177
0.000181
0.000182
0.000176

9000
0.000192
0.000193
0.000194
0.000189
0.000207
0.000197
0.000191
0.000194
0.000190
0.000195
0.000207
0.000196
0.000190
0.000196
0.000190

9500
0.000203
0.000205
0.000202
0.000202
0.000203
0.000204
0.000203
0.000203
0.000200
0.000203
0.000204
0.000204
0.000203
0.000199
0.000202

10000
0.000218
0.000210
0.000208
0.000216
0.000212
0.000213
0.000216
0.000214
0.000213
0.000211
0.000209
0.000213
0.000214
0.000216
0.000318

50000
0.001439
0.001411
0.001430
0.001410
0.001442
0.001427
0.001456
0.001429
0.001480
0.001423
0.001450
0.001375
0.001636
0.001884
0.001486

100000
0.003820
0.003695
0.003943
0.003910
0.004025
0.003837
0.003875
0.003547
0.003925
0.003719
0.003499
0.003454
0.003451
0.003926
0.003572

150000
0.006071
0.005976
0.005545
0.005603
0.005358
0.005558
0.006017
0.005534
0.005736
0.005851
0.005579
0.005572
0.005580
0.005783
0.005603

200000
0.008753
0.008406
0.008625
0.008373
0.007811
0.007879
0.007800
0.007823
0.008860
0.007817
0.008529
0.007969
0.008917
0.007890
0.008170

250000
0.009850
0.010072
0.009648
0.010224
0.011418
0.010913
0.010297
0.010988
0.009703
0.009522
0.009719
0.010360
0.010231
0.010056
0.009706

300000
0.011928
0.013028
0.013960
0.013489
0.012256
0.012178
0.011879
0.011936
0.011870
0.013166
0.012161
0.011875
0.011961
0.011234
0.012042

350000
0.016442
0.016607
0.015951
0.014142
0.014543
0.015049
0.014812
0.013780
0.015171
0.017015
0.015742
0.014668
0.014762
0.013968
0.014084

400000
0.017281
0.018244
0.017120
0.018432
0.018480
0.017819
0.016533
0.019176
0.016757
0.017373
0.016376
0.017019
0.019634
0.018750
0.017288

450000
0.019398
0.020500
0.021541
0.021209
0.020867
0.020130
0.019436
0.019660
0.020416
0.019437
0.020318
0.019545
0.024143
0.020962
0.019145

500000
0.022116
0.022957
0.021653
0.022938
0.022227
0.024385
0.024286
0.021651
0.023136
0.022736
0.022095
0.022439
0.024345
0.024908
0.022170

550000
0.024389
0.023957
0.026237
0.027704
0.024212
0.025896
0.026814
0.025194
0.024195
0.026207
0.028884
0.024427
0.023984
0.026260
0.025876

600000
0.030185
0.026446
0.027315
0.029506
0.025964
0.028902
0.027518
0.028106
0.026488
0.027200
0.027559
0.030219
0.027787
0.029965
0.026794

650000
0.031234
0.033898
0.029801
0.029163
0.032540
0.031285
0.031157
0.031313
0.031635
0.029517
0.029731
0.034088
0.030767
0.030574
0.029634

700000
0.034704
0.035688
0.035038
0.031314
0.032484
0.037148
0.035219
0.033695
0.032128
0.031692
0.037127
0.032524
0.035501
0.032964
0.034846

750000
0.035437
0.036545
0.037313
0.037646
0.037090
0.034744
0.035763
0.040110
0.039380
0.034034
0.038527
0.035055
0.037043
0.038389
0.035685

800000
0.037594
0.042271
0.037298
0.036859
0.042234
0.039084
0.039092
0.039975
0.036890
0.040688
0.042093
0.036957
0.038838
0.039637
0.039574

850000
0.042201
0.042942
0.040541
0.045245
0.042679
0.041151
0.040890
0.044898
0.045138
0.040749
0.047426
0.044624
0.042629
0.045589
0.040370

900000
0.045613
0.046029
0.046955
0.043701
0.046976
0.044327
0.043643
0.047182
0.047123
0.042743
0.046293
0.042111
0.047099
0.044837
0.045920

950000
0.049429
0.049831
0.046996
0.046642
0.051952
0.046782
0.047444
0.049640
0.046396
0.047724
0.049925
0.047648
0.047851
0.048605
0.049694

1000000
0.053031
0.048663
0.055697
0.049187
0.053771
0.051961
0.050797
0.052199
0.050848
0.053845
0.052862
0.048027
0.049851
0.055169
0.057060

