500
0.000020
0.000021
0.000020
0.000020
0.000020
0.000020
0.000019
0.000020
0.000020
0.000020

1000
0.000045
0.000044
0.000045
0.000044
0.000044
0.000044
0.000046
0.000044
0.000046
0.000044

1500
0.000075
0.000074
0.000076
0.000075
0.000073
0.000074
0.000075
0.000074
0.000075
0.000075

2000
0.000109
0.000141
0.000109
0.000108
0.000109
0.000109
0.000108
0.000110
0.000108
0.000107

2500
0.000158
0.000145
0.000146
0.000147
0.000147
0.000145
0.000146
0.000146
0.000184
0.000193

3000
0.000188
0.000186
0.000239
0.000187
0.000187
0.000189
0.000187
0.000186
0.000186
0.000201

3500
0.000230
0.000229
0.000258
0.000228
0.000248
0.000229
0.000231
0.000229
0.000230
0.000230

4000
0.000276
0.000276
0.000275
0.000276
0.000276
0.000278
0.000276
0.000276
0.000275
0.000275

4500
0.000323
0.000324
0.000446
0.000456
0.000336
0.000325
0.000324
0.000323
0.000339
0.000323

5000
0.000375
0.000377
0.000374
0.000373
0.000374
0.000475
0.000375
0.000373
0.000374
0.000373

5500
0.000427
0.000426
0.000426
0.000427
0.000429
0.000426
0.000426
0.000426
0.000427
0.000469

6000
0.000672
0.000482
0.000481
0.000480
0.000481
0.000481
0.000482
0.000481
0.000481
0.000480

6500
0.000540
0.000551
0.000543
0.000626
0.000541
0.000540
0.000538
0.000714
0.000539
0.000536

7000
0.000705
0.000727
0.000640
0.000633
0.000837
0.000799
0.000845
0.000599
0.000660
0.000819

7500
0.000931
0.000726
0.000655
0.000724
0.000766
0.000677
0.000779
0.000919
0.000718
0.000895

8000
0.001045
0.000720
0.000718
0.000717
0.000718
0.000786
0.000765
0.000901
0.000915
0.000975

8500
0.000950
0.001147
0.000781
0.000894
0.001002
0.000986
0.000899
0.000974
0.000882
0.001090

9000
0.000844
0.000849
0.000855
0.001110
0.001172
0.000846
0.000873
0.000862
0.000899
0.000849

9500
0.000916
0.001316
0.000927
0.000971
0.000916
0.000926
0.001202
0.000981
0.001324
0.001250

10000
0.001407
0.001010
0.000981
0.001035
0.000983
0.000982
0.001444
0.001421
0.001036
0.001413

