50000
0.513255
0.464222
0.465597
0.464131
0.462857
0.464307
0.462167
0.464703
0.466102
0.464071

100000
1.735687
1.753219
1.776704
1.766745
1.747660
1.745072
1.783470
1.783422
1.814855
1.832142

150000
3.855202
3.856342
3.845181
3.813848
3.769579
3.798424
3.810296
3.817529
3.807441
3.945505

200000
6.684926
6.541356
6.551355
6.510773
6.560331
6.535287
6.563687
6.584412
6.531226
6.536167

250000
9.969986
10.453980
10.168462
10.007522
10.051067
9.963294
9.986812
10.008849
9.992525
10.446699

300000
14.677491
14.409398
14.242437
14.301037
14.666695
14.844939
14.721799
15.070375
14.513852
14.232044

350000
19.076607
19.083346
19.966644
20.086815
19.935367
20.056988
19.956771
20.036466
19.984120
18.953850

400000
24.462686
24.345006
24.594089
24.782315
24.852520
24.563129
25.011009
25.937323
24.975433
24.729642

450000
32.589096
33.107209
34.277317
32.688700
32.787434
32.436938
31.166363
34.358167
32.300279
32.258882

500000
38.207993
38.185820
38.733029
38.572692
39.136506
39.268716
40.602354
38.708832
39.211927
38.592354

550000
47.170569
46.283019
46.775757
48.310663
49.543935
47.532106
46.881914
47.546088
47.556490
48.458990

600000
57.059704
56.884028
55.609139
56.434112
56.869811
56.728442
55.300121
53.861061
56.336208
55.996036

650000
65.361073
66.024703
63.806538
63.679970
62.609301
63.776242
62.341789
64.097575
62.289489
64.518170

700000
75.501991
73.435465
74.598488
77.245860
78.152124
75.780995
76.234813
72.872102
71.749548
72.063227

750000
80.026327
79.904887
79.923858
79.876721
80.023018
80.166299
79.828449
80.073162
79.976104
79.833059

800000
90.597537
90.661935
90.464645
90.488201
90.721760
90.513394
90.621754
90.600967
90.628557
90.649072

850000
102.112337
102.532365
101.957003
102.041490
102.046485
102.082005
102.355127
101.997529
102.202085
102.038425

900000
114.215611
114.036499
113.978662
114.031313
114.198492
114.288038
114.157400
116.480450
114.496458
114.161867

950000
126.627518
126.713083
126.505784
126.561710
126.703241
126.427085
126.707869
126.372015
127.133535
126.553362

1000000
139.633161
139.703860
140.066199
143.743699
140.520130
139.244557
138.997514
139.933921
144.571109
147.865255

