50000
0.018334
0.014261
0.011915
0.011690
0.008228
0.006657
0.006639
0.007025
0.006642
0.007651
0.006727
0.007511
0.006678
0.007510
0.006709

100000
0.015325
0.015185
0.015072
0.015372
0.014936
0.014313
0.014364
0.014172
0.014305
0.014280
0.014781
0.014365
0.014301
0.014366
0.014340

150000
0.022475
0.022711
0.022243
0.022163
0.022167
0.022234
0.023327
0.022135
0.022233
0.023403
0.023206
0.023591
0.022228
0.022236
0.022166

200000
0.030842
0.031013
0.030570
0.030742
0.031975
0.030675
0.030632
0.030673
0.031855
0.030504
0.030543
0.030668
0.031683
0.030761
0.031419

250000
0.040150
0.039412
0.039344
0.040416
0.039287
0.039352
0.040689
0.039496
0.039295
0.041000
0.040376
0.039438
0.040782
0.039394
0.040284

300000
0.049679
0.047846
0.048415
0.049362
0.047780
0.047721
0.049340
0.048407
0.048257
0.049033
0.048362
0.048986
0.049119
0.048400
0.048392

350000
0.058621
0.057759
0.058951
0.057630
0.058844
0.057707
0.059063
0.058574
0.058571
0.057159
0.058671
0.057230
0.058996
0.057823
0.058299

400000
0.066609
0.068325
0.072326
0.068577
0.066760
0.068774
0.067164
0.069264
0.066348
0.068898
0.066959
0.068548
0.066640
0.068674
0.067827

450000
0.078903
0.079459
0.078258
0.077095
0.079169
0.077062
0.078339
0.077097
0.078661
0.077084
0.078711
0.077823
0.078265
0.077599
0.080117

500000
0.086987
0.087685
0.087106
0.089249
0.086228
0.089594
0.087925
0.088484
0.087055
0.089935
0.091369
0.087403
0.087704
0.088491
0.087484

550000
0.098617
0.098416
0.100402
0.096939
0.097940
0.097388
0.102156
0.096326
0.098172
0.097186
0.098979
0.097766
0.097851
0.097739
0.098449

600000
0.109059
0.113303
0.108493
0.108129
0.110802
0.108496
0.110799
0.108867
0.108853
0.108061
0.110500
0.108478
0.107641
0.111305
0.107889

650000
0.120709
0.120186
0.118917
0.119094
0.120336
0.120259
0.120589
0.119611
0.120321
0.120755
0.119829
0.119000
0.125972
0.121059
0.118467

700000
0.131916
0.129892
0.133001
0.133003
0.133136
0.131929
0.136553
0.130228
0.131179
0.137416
0.132362
0.132535
0.140293
0.136225
0.129352

750000
0.149297
0.143531
0.143122
0.144146
0.145831
0.142216
0.143333
0.145294
0.143860
0.141426
0.142992
0.145837
0.141323
0.141411
0.140139

800000
0.160511
0.153568
0.154816
0.157441
0.153408
0.154081
0.154509
0.152181
0.159407
0.157713
0.152527
0.152969
0.153768
0.154487
0.155854

850000
0.169366
0.170117
0.165793
0.166401
0.166702
0.161546
0.173158
0.162038
0.164700
0.164037
0.162841
0.164861
0.171605
0.166650
0.164803

900000
0.173457
0.173439
0.175330
0.175111
0.174929
0.179047
0.176897
0.177853
0.173926
0.181591
0.173106
0.177489
0.179074
0.178443
0.181615

950000
0.186979
0.187427
0.186568
0.187002
0.187341
0.189393
0.190828
0.186744
0.187298
0.189092
0.188720
0.194978
0.183835
0.189315
0.184327

1000000
0.204705
0.198857
0.199863
0.201501
0.198238
0.206932
0.199995
0.196825
0.198907
0.197608
0.199540
0.196280
0.202368
0.199175
0.200880

