50000
0.022699
0.017998
0.014418
0.009674
0.008961
0.009459
0.009098
0.009186
0.009440
0.008940
0.009307
0.008929
0.009035
0.009370
0.008857

100000
0.024018
0.024172
0.024014
0.024843
0.023954
0.024033
0.024237
0.024025
0.025590
0.024150
0.024768
0.024057
0.024034
0.024738
0.024479

150000
0.043690
0.044032
0.043283
0.043282
0.043879
0.043133
0.043429
0.043998
0.043316
0.043239
0.044038
0.043156
0.043318
0.044267
0.043322

200000
0.066989
0.066124
0.066585
0.066948
0.066653
0.065847
0.066475
0.066230
0.066448
0.065958
0.066795
0.065855
0.066311
0.066008
0.066450

250000
0.091655
0.092241
0.092681
0.091789
0.091231
0.091904
0.091519
0.094541
0.091163
0.092185
0.091176
0.091942
0.091303
0.092588
0.091818

300000
0.131369
0.120024
0.120441
0.119988
0.120158
0.119818
0.120525
0.119909
0.119939
0.126086
0.120242
0.120678
0.119773
0.119995
0.120683

350000
0.150905
0.150408
0.150544
0.150813
0.150140
0.150026
0.152172
0.150324
0.150284
0.150492
0.150098
0.156756
0.150775
0.152723
0.150288

400000
0.183011
0.182916
0.182558
0.185560
0.182268
0.182705
0.183351
0.182467
0.182959
0.183495
0.198494
0.182745
0.182669
0.183554
0.183568

450000
0.217646
0.217296
0.217086
0.226089
0.218348
0.223858
0.219878
0.217158
0.218331
0.216722
0.217267
0.217050
0.222384
0.218041
0.216949

500000
0.253877
0.253574
0.254199
0.253343
0.253455
0.253507
0.255825
0.253388
0.253684
0.253207
0.254112
0.253228
0.253360
0.256388
0.260066

550000
0.292382
0.295375
0.293369
0.291744
0.292014
0.337292
0.292457
0.291662
0.291484
0.292490
0.291880
0.291619
0.311654
0.291482
0.291773

600000
0.331544
0.332217
0.331506
0.331507
0.332077
0.332552
0.331615
0.332289
0.331521
0.415512
0.331576
0.331764
0.332474
0.331340
0.331494

650000
0.374184
0.373378
0.373089
0.373353
0.373294
0.458731
0.373045
0.372928
0.374261
0.373263
0.373240
0.374115
0.373025
0.373534
0.373096

700000
0.416342
0.417147
0.417466
0.417555
0.416133
0.467750
0.417271
0.416491
0.417665
0.416374
0.417047
0.416376
0.416119
0.417157
0.416333

750000
0.461855
0.460839
0.461549
0.461010
0.462061
0.460795
0.460934
0.461583
0.460698
0.461625
0.463289
0.461904
0.460616
0.462090
0.461007

800000
0.521556
0.506969
0.788346
0.590639
0.507548
0.508175
0.507259
0.550541
0.506795
0.508040
0.507010
0.508002
0.506828
0.507785
0.507352

850000
0.556034
0.554510
0.555796
0.565084
0.554847
0.555724
0.554824
0.555783
0.554718
0.555537
0.554519
0.555699
0.554520
0.557262
0.555004

900000
0.604160
0.646165
0.603554
0.605511
0.604132
0.603187
0.604144
0.603392
0.604306
0.604235
0.603655
0.634946
0.603685
0.603952
0.604360

950000
0.737512
0.654515
0.655048
0.654661
0.654917
0.654664
0.653403
0.655159
0.655893
0.737724
0.655098
0.654417
0.658420
0.657921
0.769516

1000000
0.705513
0.706180
0.705897
0.707329
0.705753
0.706101
0.706220
0.705225
0.705777
0.706039
0.706481
0.705702
0.706226
0.706698
0.789031

