500
0.000123
0.000124
0.000170
0.000127
0.000078
0.000075
0.000077
0.000079
0.000077
0.000097

1000
0.000128
0.000128
0.000172
0.000152
0.000173
0.000181
0.000170
0.000173
0.000145
0.000135

1500
0.000178
0.000175
0.000183
0.000181
0.000180
0.000181
0.000181
0.000176
0.000181
0.000226

2000
0.000333
0.000253
0.000253
0.000294
0.000302
0.000279
0.000282
0.000314
0.000244
0.000235

2500
0.000293
0.000291
0.000294
0.000293
0.000290
0.000293
0.000291
0.000293
0.000292
0.000306

3000
0.000352
0.000399
0.000359
0.000348
0.000351
0.000357
0.000503
0.000376
0.000477
0.000353

3500
0.000409
0.000409
0.000468
0.000414
0.000414
0.000411
0.000425
0.000409
0.000412
0.000456

4000
0.000504
0.000477
0.000472
0.000475
0.000540
0.000475
0.000478
0.000472
0.000515
0.000475

4500
0.000541
0.000595
0.000538
0.000539
0.000552
0.000776
0.000552
0.000538
0.000587
0.000593

5000
0.000601
0.000596
0.000601
0.000600
0.000641
0.000600
0.000606
0.000682
0.000621
0.000838

5500
0.000743
0.000666
0.000665
0.000711
0.000665
0.000724
0.000669
0.000668
0.000726
0.000966

6000
0.000732
0.000793
0.000724
0.000790
0.000733
0.000792
0.000724
0.000993
0.001038
0.000819

6500
0.000818
0.000825
0.000800
0.000795
0.000800
0.001125
0.000822
0.000812
0.000899
0.001108

7000
0.000860
0.000859
0.000868
0.001157
0.000872
0.000861
0.001222
0.000862
0.000871
0.000859

7500
0.000925
0.000930
0.001037
0.001308
0.001146
0.001250
0.001089
0.001104
0.001311
0.001244

8000
0.001233
0.001117
0.001275
0.001324
0.000998
0.001104
0.001399
0.001155
0.001307
0.001222

8500
0.001391
0.001288
0.001183
0.001248
0.001291
0.001283
0.001067
0.001497
0.001089
0.001087

9000
0.001582
0.001126
0.001516
0.001206
0.001210
0.001176
0.001155
0.001128
0.001130
0.001424

9500
0.001206
0.001260
0.001232
0.001199
0.001694
0.001204
0.001711
0.001216
0.001702
0.001261

10000
0.001296
0.001269
0.001790
0.001806
0.001273
0.001594
0.001286
0.001266
0.001801
0.001309

