500
0.000101
0.000087
0.000104
0.000070
0.000093
0.000073
0.000079
0.000073
0.000075
0.000070

1000
0.000080
0.000107
0.000085
0.000097
0.000086
0.000084
0.000100
0.000085
0.000103
0.000085

1500
0.000092
0.000089
0.000087
0.000082
0.000088
0.000080
0.000081
0.000078
0.000087
0.000083

2000
0.000096
0.000095
0.000122
0.000100
0.000100
0.000087
0.000111
0.000083
0.000087
0.000085

2500
0.000098
0.000101
0.000097
0.000124
0.000097
0.000100
0.000097
0.000096
0.000099
0.000096

3000
0.000100
0.000136
0.000101
0.000099
0.000120
0.000105
0.000103
0.000106
0.000122
0.000133

3500
0.000149
0.000113
0.000112
0.000105
0.000101
0.000101
0.000147
0.000148
0.000148
0.000105

4000
0.000112
0.000131
0.000128
0.000125
0.000125
0.000167
0.000146
0.000115
0.000118
0.000112

4500
0.000119
0.000127
0.000160
0.000175
0.000115
0.000175
0.000120
0.000118
0.000119
0.000119

5000
0.000127
0.000154
0.000176
0.000127
0.000126
0.000129
0.000131
0.000127
0.000126
0.000125

5500
0.000144
0.000138
0.000149
0.000140
0.000135
0.000134
0.000135
0.000131
0.000133
0.000131

6000
0.000187
0.000144
0.000145
0.000142
0.000174
0.000140
0.000143
0.000137
0.000136
0.000134

6500
0.000143
0.000147
0.000196
0.000154
0.000148
0.000144
0.000150
0.000147
0.000139
0.000143

7000
0.000154
0.000153
0.000157
0.000183
0.000151
0.000152
0.000154
0.000153
0.000155
0.000150

7500
0.000159
0.000209
0.000169
0.000163
0.000163
0.000162
0.000181
0.000164
0.000166
0.000161

8000
0.000169
0.000174
0.000175
0.000171
0.000178
0.000184
0.000172
0.000174
0.000175
0.000217

8500
0.000214
0.000185
0.000181
0.000181
0.000185
0.000182
0.000190
0.000183
0.000188
0.000189

9000
0.000196
0.000196
0.000209
0.000191
0.000187
0.000195
0.000192
0.000214
0.000196
0.000194

9500
0.000276
0.000208
0.000204
0.000212
0.000203
0.000198
0.000221
0.000205
0.000207
0.000223

10000
0.000215
0.000215
0.000212
0.000217
0.000233
0.000268
0.000303
0.000216
0.000219
0.000214

