500
0.000215
0.000203
0.000178
0.000182
0.000134
0.000154
0.000134
0.000132
0.000116
0.000116

1000
0.000390
0.000403
0.000632
0.000525
0.000636
0.000386
0.000482
0.000531
0.000556
0.000428

1500
0.000783
0.001031
0.001098
0.000799
0.000852
0.000827
0.000894
0.001185
0.000893
0.000885

2000
0.001638
0.001641
0.001310
0.001937
0.001262
0.001236
0.001279
0.001296
0.001277
0.001268

2500
0.001892
0.001891
0.002592
0.001888
0.002614
0.001900
0.002557
0.001877
0.002776
0.001992

3000
0.002643
0.003687
0.002728
0.003330
0.003143
0.002653
0.003844
0.003733
0.003916
0.002617

3500
0.005000
0.003574
0.003454
0.003476
0.003486
0.004012
0.004614
0.003469
0.004648
0.004720

4000
0.004431
0.004855
0.004673
0.004439
0.004800
0.004554
0.005632
0.004459
0.005150
0.004460

4500
0.005503
0.005473
0.005551
0.005496
0.006697
0.006395
0.006222
0.006758
0.005648
0.005683

5000
0.006707
0.007261
0.006733
0.006752
0.006766
0.007776
0.006718
0.006696
0.006725
0.007171

5500
0.008695
0.008447
0.009178
0.007988
0.009442
0.007957
0.008406
0.007950
0.008300
0.007969

6000
0.010078
0.009539
0.010421
0.009683
0.010181
0.009681
0.009484
0.009538
0.009582
0.009342

6500
0.013418
0.012012
0.011147
0.010512
0.011104
0.011057
0.010986
0.010931
0.010901
0.011211

7000
0.012885
0.013342
0.013181
0.014369
0.013901
0.012930
0.012844
0.012521
0.013622
0.012949

7500
0.014239
0.013941
0.014022
0.013800
0.013800
0.015005
0.014811
0.013048
0.013281
0.013722

8000
0.015932
0.015586
0.015790
0.015979
0.015924
0.015536
0.020609
0.016845
0.016320
0.016072

8500
0.017728
0.017631
0.017258
0.017735
0.017194
0.017496
0.017791
0.018628
0.017218
0.017264

9000
0.019407
0.019997
0.019257
0.019775
0.020059
0.019735
0.020662
0.019316
0.019111
0.019089

9500
0.022379
0.021601
0.022448
0.021145
0.020938
0.021490
0.022224
0.022130
0.021385
0.024326

10000
0.024240
0.023792
0.024320
0.022424
0.023901
0.023652
0.024902
0.023070
0.023134
0.023438

